128519
128526
128522
128537
128523
128533
128532
128513
128536
128530
128516
128531
128525
128534
128514
128515
128529
128521
128520
128527
128517
128524
128535
128518
128528
128512
128529
128531
128521
128535
128512
128532
128513
128525
128526
128523
128524
128527
128534
128536
128518
128520
128537
128533
128517
128514
128528
128522
128515
128530
128519
128516
128513
128530
128528
128526
128532
128516
128524
128523
128534
128519
128525
128521
128515
128533
128535
128527
128518
128520
128514
128536
128529
128531
128537
128522
128512
128517
128514
128515
128523
128532
128536
128513
128531
128520
128521
128522
128524
128528
128525
128526
128518
128534
128519
128517
128516
128533
128512
128535
128537
128530
128529
128527
128515
128519
128537
128512
128534
128518
128522
128520
128527
128531
128530
128533
128523
128525
128536
128524
128517
128532
128521
128516
128528
128526
128529
128535
128514
128513
128517
128513
128527
128534
128526
128529
128515
128536
128522
128518
128537
128525
128523
128528
128524
128514
128535
128532
128520
128512
128521
128516
128533
128531
128519
128530
128529
128525
128530
128515
128516
128534
128533
128517
128519
128527
128531
128518
128526
128514
128532
128520
128536
128528
128513
128512
128522
128524
128523
128521
128535
128537
128537
128527
128535
128524
128536
128516
128532
128529
128526
128534
128530
128522
128525
128528
128531
128523
128513
128520
128517
128518
128512
128521
128514
128515
128533
128519
128535
128529
128533
128530
128536
128518
128519
128522
128520
128534
128537
128513
128532
128526
128517
128515
128531
128512
128516
128525
128528
128514
128527
128523
128524
128521
128523
128531
128536
128514
128525
128528
128527
128534
128522
128533
128516
128529
128520
128513
128532
128526
128518
128537
128515
128519
128535
128512
128521
128524
128517
128530
128520
128526
128515
128533
128521
128531
128514
128534
128522
128516
128525
128530
128536
128523
128527
128519
128512
128513
128529
128518
128537
128524
128535
128532
128517
128528
128530
128533
128529
128519
128537
128520
128532
128527
128522
128518
128513
128512
128523
128524
128531
128516
128526
128535
128534
128525
128517
128515
128536
128521
128514
128528
128528
128525
128512
128518
128519
128533
128523
128535
128514
128521
128526
128529
128534
128522
128520
128513
128536
128524
128531
128516
128532
128537
128517
128530
128515
128527
128523
128536
128531
128526
128515
128530
128520
128519
128527
128516
128537
128521
128514
128513
128528
128534
128518
128535
128529
128533
128517
128512
128532
128522
128524
128525
128532
128536
128515
128512
128516
128520
128521
128530
128523
128534
128537
128526
128529
128527
128525
128514
128513
128517
128528
128531
128522
128519
128518
128535
128533
128524
128520
128535
128515
128536
128514
128537
128524
128531
128527
128532
128522
128523
128528
128517
128533
128513
128512
128519
128526
128530
128516
128534
128521
128518
128529
128525
128519
128517
128521
128523
128526
128527
128518
128533
128532
128524
128531
128513
128516
128522
128536
128515
128528
128529
128537
128534
128520
128512
128525
128530
128535
128514
128534
128535
128523
128524
128512
128522
128529
128518
128533
128530
128536
128537
128532
128513
128525
128514
128521
128516
128526
128531
128527
128520
128517
128519
128515
128528
128529
128520
128521
128527
128516
128514
128519
128523
128517
128518
128522
128531
128525
128530
128534
128528
128513
128526
128536
128532
128533
128524
128515
128512
128537
128535
128530
128512
128520
128522
128517
128524
128515
128513
128528
128519
128529
128518
128532
128526
128516
128531
128521
128536
128514
128537
128527
128533
128523
128534
128535
128525
128530
128536
128534
128523
128535
128519
128533
128518
128513
128521
128527
128514
128524
128531
128529
128537
128525
128517
128532
128512
128516
128520
128515
128526
128522
128528
128530
128519
128525
128512
128513
128523
128536
128535
128526
128521
128524
128534
128522
128516
128532
128517
128515
128531
128527
128514
128520
128529
128533
128537
128528
128518
128523
128512
128532
128533
128517
128519
128513
128537
128530
128520
128536
128516
128534
128526
128522
128535
128515
128514
128531
128518
128527
128524
128521
128528
128529
128525
128529
128525
128527
128530
128535
128536
128523
128514
128518
128531
128519
128537
128520
128521
128515
128516
128524
128512
128528
128513
128532
128533
128534
128517
128522
128526
128537
128530
128520
128524
128521
128519
128512
128527
128523
128516
128517
128522
128535
128518
128536
128513
128534
128514
128525
128529
128528
128515
128532
128531
128526
128533
128519
128522
128512
128514
128515
128521
128529
128536
128532
128526
128533
128537
128524
128530
128535
128518
128513
128527
128525
128517
128528
128520
128534
128523
128516
128531
